0.5426427125930786
0.49291229248046875
0.4101453721523285
0.2970508635044098
0.29209989309310913
0.26448488235473633
0.4309918284416199
0.7207745313644409
0.4944682717323303
0.3527453541755676
0.32651519775390625
0.33564120531082153
0.2951641380786896
0.2885034680366516
0.28960514068603516
0.3158302903175354
0.2854829728603363
0.26931530237197876
0.27127689123153687
0.2716229557991028
0.24468736350536346
0.24522900581359863
0.2217770516872406
0.2328169345855713
0.2395302802324295
0.20459958910942078
0.22091838717460632
0.2138369083404541
0.24870380759239197
0.306922048330307
0.36862149834632874
0.23522934317588806
0.23894381523132324
0.24272242188453674
0.2642483115196228
0.30648311972618103
0.24781474471092224
0.24184772372245789
0.2500404417514801
0.2530147433280945
0.24902358651161194
0.21584931015968323
0.2131761610507965
0.21720072627067566
0.22921094298362732
0.22329983115196228
0.2056962251663208
0.2383735477924347
0.2273055762052536
0.21009011566638947
0.16282705962657928
0.1879541575908661
0.21124272048473358
0.216796875
0.19250939786434174
0.1825219839811325
0.20220470428466797
0.16296438872814178
0.19700393080711365
0.2043066918849945
0.2073371410369873
0.1777612268924713
0.24568605422973633
0.2813137471675873
0.4358488917350769
0.27786123752593994
0.22288250923156738
0.2516687512397766
0.1988917589187622
0.20092618465423584
0.1883886754512787
0.1724509447813034
0.2649526000022888
0.25197795033454895
0.24959135055541992
0.21775002777576447
0.21341753005981445
0.22498121857643127
0.1762099713087082
0.21303430199623108
0.23577764630317688
0.21430806815624237
0.21941277384757996
0.18011055886745453
0.20889778435230255
0.20035448670387268
0.20241782069206238
0.1686619073152542
0.20781955122947693
0.1931823492050171
0.24183960258960724
0.20268483459949493
0.2076561003923416
0.19320394098758698
0.20418040454387665
0.18406188488006592
0.16642889380455017
0.18901526927947998
0.18668797612190247
0.19239552319049835
0.20225639641284943
0.201791912317276
0.17644564807415009
0.17964661121368408
0.14754123985767365
0.19430102407932281
0.1852453052997589
0.2391546219587326
0.21808746457099915
0.15654602646827698
0.16218236088752747
0.18349416553974152
0.17662614583969116
0.1390124261379242
0.15688344836235046
0.18824657797813416
0.24111542105674744
0.18774475157260895
0.1582990437746048
0.150766521692276
0.14615564048290253
0.15286657214164734
0.2021138221025467
0.18281815946102142
0.17272447049617767
0.13658562302589417
0.14232102036476135
0.13340751826763153
0.12332630157470703
0.14736902713775635
0.11502648890018463
0.1409166008234024
0.13536125421524048
0.16049495339393616
0.18171308934688568
0.14081186056137085
0.1307402104139328
0.12147402763366699
0.13929873704910278
0.23057270050048828
0.23367920517921448
0.199776753783226
0.14917747676372528
0.14553816616535187
0.14108681678771973
0.15888701379299164
0.14526739716529846
0.12657327950000763
0.13332389295101166
0.12114343792200089
0.11718301475048065
0.12050453573465347
0.11466510593891144
0.1284835785627365
0.15294139087200165
0.12336254119873047
0.12789854407310486
0.12681415677070618
0.12926983833312988
0.16068850457668304
0.127783864736557
0.10885002464056015
0.10710044205188751
0.11516304314136505
0.14726117253303528
0.20214490592479706
0.14096465706825256
0.16321063041687012
0.12385078519582748
0.10619209706783295
0.10006994009017944
0.09386005252599716
0.10225900262594223
0.1006329283118248
0.13908818364143372
0.21281179785728455
0.19061771035194397
0.13483962416648865
0.12595975399017334
0.11155982315540314
0.096524678170681
0.11221186071634293
0.11288062483072281
0.10590296983718872
0.07304196059703827
0.10585173219442368
0.11153330653905869
0.11362811177968979
0.09945434331893921
0.07719901949167252
0.09443376213312149
0.086265929043293
0.0919467955827713
0.08821292966604233
0.11786220222711563
0.1059027761220932
0.1190434917807579
0.09460511803627014
0.08989523351192474
0.07675521075725555
0.09356648474931717
0.06371918320655823
0.09208296984434128
0.09620553255081177
0.1390746831893921
0.11237869411706924
0.13213050365447998
0.09479712694883347
0.07783252000808716
0.08101972937583923
0.083131805062294
0.08932563662528992
0.09868057072162628
0.08794897794723511
0.09269460290670395
0.0876237004995346
0.09238369762897491
0.10548944771289825
0.11115888506174088
0.11292044073343277
0.0838724821805954
0.08928833156824112
0.07912527024745941
0.08794388920068741
0.10093329846858978
0.11777917295694351
0.1305144727230072
0.09872064739465714
0.10018379986286163
0.09222658723592758
0.07948772609233856
0.07190392166376114
0.07264215499162674
0.06641562283039093
0.07056808471679688
0.10655444860458374
0.08376367390155792
0.09052525460720062
0.07952910661697388
0.09073330461978912
0.06305266916751862
0.04575178772211075
0.06597279012203217
0.05303763225674629
0.05813425034284592
0.07220090925693512
0.08678413927555084
0.10921289771795273
0.10286601632833481
0.12287119776010513
0.27906426787376404
0.29586946964263916
0.160752534866333
0.14495667815208435
0.07271397858858109
0.08995887637138367
0.06909073889255524
0.07391317188739777
0.07956268638372421
0.07169321179389954
0.07818130403757095
0.09110637754201889
0.09165027737617493
0.13348376750946045
0.1880703568458557
0.11727835983037949
0.09758317470550537
0.06349478662014008
0.07402946054935455
0.07572128623723984
0.053530026227235794
0.06178842857480049
0.06271922588348389
0.051747847348451614
0.07639972865581512
0.07748130708932877
0.11687393486499786
0.12873294949531555
0.13245880603790283
0.06254039704799652
0.056088704615831375
0.045836932957172394
0.050102848559617996
0.06308641284704208
0.08813444525003433
0.08457271009683609
0.06320757418870926
0.05866691470146179
0.052080124616622925
0.04692196100950241
0.051809728145599365
0.0831073448061943
0.07480095326900482
0.07017482072114944
0.0680270791053772
0.06909938156604767
0.07443294674158096
0.08931418508291245
0.07178861647844315
0.051797669380903244
0.06700804084539413
0.08317788690328598
0.0788385272026062
0.07110752910375595
0.05181611701846123
0.05845557898283005
0.04745645076036453
0.03821765258908272
0.05549117177724838
0.07171859592199326
0.06553436815738678
0.10263438522815704
0.08528856933116913
0.08179892599582672
0.06898053735494614
0.0605437271296978
0.08986081928014755
0.08145216852426529
0.05732765048742294
0.06298641115427017
0.06627814471721649
0.07200665771961212
0.08534787595272064
0.08217010647058487
0.12494554370641708
0.07944930344820023
0.07634596526622772
0.050410717725753784
0.0651586651802063
0.0664626955986023
0.06259153038263321
0.05303322151303291
0.0529954619705677
0.041704148054122925
0.0471404530107975
0.05934494733810425
0.04518353193998337
0.03974773362278938
0.04034018889069557
0.05150295048952103
0.04788137599825859
0.05765349790453911
0.06759090721607208
0.042717717587947845
0.05020575970411301
0.07190807908773422
0.04478771612048149
0.042014285922050476
0.04065090790390968
0.050619374960660934
0.05925476551055908
0.07215240597724915
0.08790294080972672
0.1000494733452797
0.07372193038463593
0.06623346358537674
0.058075983077287674
0.06380967795848846
0.05305517837405205
0.0638502761721611
0.04465248063206673
0.056032635271549225
0.05047797039151192
0.06505228579044342
0.08293654024600983
0.08458785712718964
0.07667768746614456
0.055879831314086914
0.047609053552150726
0.035002660006284714
0.05542519688606262
0.06030759960412979
0.042756035923957825
0.03570054844021797
0.03667764738202095
0.034439582377672195
0.039007335901260376
0.06065001338720322
0.08051572740077972
0.08842698484659195
0.074061319231987
0.06214539334177971
0.0825863927602768
0.07311928272247314
0.06892180442810059
0.043360162526369095
0.04301980137825012
0.03976035118103027
0.04235323145985603
0.035326432436704636
0.03382358327507973
0.045009009540081024
0.04713628441095352
0.038319606333971024
0.04479680210351944
0.04534773901104927
0.05579150840640068
0.042718105018138885
0.0475153923034668
0.06374971568584442
0.10402777045965195
0.08566246181726456
0.06677467375993729
0.04932545870542526
0.07634543627500534
0.07328702509403229
0.06596948951482773
0.07751426845788956
0.1394716054201126
0.14361365139484406
0.06230982393026352
0.08688929677009583
0.06999240070581436
0.054231368005275726
0.08121203631162643
0.05450449138879776
0.07749883830547333
0.089244045317173
0.08425692468881607
0.08204752206802368
0.06581371277570724
0.04521309211850166
0.04852462187409401
0.0386294350028038
0.030702387914061546
0.04069235175848007
0.04630059376358986
0.05263255909085274
0.07553818076848984
0.09025856852531433
0.11749880015850067
0.05999833345413208
0.044005539268255234
0.051675695925951004
0.049230463802814484
0.03869156166911125
0.0407046303153038
0.051721781492233276
0.04748712480068207
0.05728353187441826
0.03748128563165665
0.06319104135036469
0.09865133464336395
0.08909425884485245
0.06824231147766113
0.07742650806903839
0.06681711971759796
0.053282834589481354
0.04875931143760681
0.039404455572366714
0.036303188651800156
0.024464435875415802
0.053412627428770065
0.04406929388642311
0.04440339654684067
0.04999398812651634
0.03815937787294388
0.04165791720151901
0.046612005680799484
0.037783488631248474
0.07302512973546982
0.061501868069171906
0.0754755288362503
0.06572466343641281
0.06602166593074799
0.0710987001657486
0.13769616186618805
0.0990864485502243
0.0616057887673378
0.061339378356933594
0.05004298686981201
0.04074728488922119
0.04633278399705887
0.04844529181718826
0.05010366439819336
0.03364914655685425
0.05049631744623184
0.07548782229423523
0.06134430691599846
0.058335982263088226
0.05500338599085808
0.05429974943399429
0.06979506462812424
0.10705824196338654
0.049733322113752365
0.055481601506471634
0.04733119532465935
0.039175622165203094
0.06516177207231522
0.062422990798950195
0.067723348736763
0.04160015657544136
0.043854910880327225
0.042310744524002075
0.03671650588512421
0.03272649273276329
0.03965982794761658
0.04782295227050781
0.032864976674318314
0.04522918537259102
0.06247283145785332
0.05426537245512009
0.05423091724514961
0.053045857697725296
0.08636052906513214
0.049208253622055054
0.046945929527282715
0.04401780292391777
0.049524880945682526
0.08274467289447784
0.05826174095273018
0.053280286490917206
0.039093129336833954
0.04710850864648819
0.0515633299946785
0.031751204282045364
0.04388633370399475
0.03379998728632927
0.04394640028476715
0.038571786135435104
0.041296809911727905
0.06510046869516373
0.031945206224918365
0.024727120995521545
0.02541794441640377
0.03376110643148422
0.027858352288603783
0.027267444878816605
0.03563569486141205
0.06043429300189018
0.04916999489068985
0.05372871831059456
0.09638279676437378
0.18369060754776
0.13626250624656677
0.07688745111227036
0.057471584528684616
0.09777482599020004
0.11110721528530121
0.06133750081062317
0.054859548807144165
0.0521700493991375
0.03584570065140724
0.04211729019880295
0.027293121442198753
0.04158981889486313
0.02810576558113098
0.04631388187408447
0.046937935054302216
0.04257332533597946
0.041808776557445526
0.06074800342321396
0.0596027746796608
0.03402019292116165
0.027336861938238144
0.025100627914071083
0.025649409741163254
0.028675606474280357
0.036393504589796066
0.0330660343170166
0.0395299568772316
0.03295714408159256
0.04670435190200806
0.028286555781960487
0.02794063463807106
0.03694823384284973
0.033483754843473434
0.03421352431178093
0.04621240124106407
0.04410352557897568
0.058479029685258865
0.11125854402780533
0.07963556051254272
0.12719056010246277
0.049455396831035614
0.05479447916150093
0.04940468445420265
0.044244058430194855
0.0348958857357502
0.058834146708250046
0.03658737987279892
0.04924685135483742
0.04705284908413887
0.03696436807513237
0.06510510295629501
0.0619596466422081
0.028713833540678024
0.03904155269265175
0.05077960342168808
0.052904676645994186
0.03932960331439972
0.028469767421483994
0.03175126761198044
0.025271883234381676
0.03176712617278099
0.03192664310336113
0.0347926989197731
0.0305208507925272
0.028179114684462547
0.03196288272738457
0.04778477922081947
0.05195460468530655
0.04026372358202934
0.05688933655619621
0.0962623581290245
0.03958543390035629
0.03216152638196945
0.04336996003985405
0.054145731031894684
0.039621107280254364
0.04600117728114128
0.042263418436050415
0.04695991054177284
0.028516117483377457
0.020860275253653526
0.03872089833021164
0.035702116787433624
0.04510710388422012
0.031943656504154205
0.03574924170970917
0.03695610165596008
0.04234559088945389
0.04921763390302658
0.05529928207397461
0.06324656307697296
0.08415098488330841
0.08041705936193466
0.09753791242837906
0.08337840437889099
0.07014789432287216
0.057946931570768356
0.06274807453155518
0.05232490971684456
0.032858382910490036
0.02633756957948208
0.02664259634912014
0.02625233493745327
0.031676627695560455
0.03105982579290867
0.017229635268449783
0.03249344229698181
0.02228335663676262
0.02737497352063656
0.016991229727864265
0.026210909709334373
0.04267086461186409
0.057899583131074905
0.038648396730422974
0.037949562072753906
0.02543993666768074
0.058387018740177155
0.04207783192396164
0.04793403297662735
0.04773201793432236
0.06357672065496445
0.0361795648932457
0.0560820996761322
0.06601087003946304
0.09936537593603134
0.1011510118842125
0.13703933358192444
0.055719565600156784
0.05549095943570137
0.030140209943056107
0.02459215559065342
0.03304620832204819
0.029125869274139404
0.024097129702568054
0.02395504154264927
0.028351014479994774
0.045031480491161346
0.04748472571372986
0.03715541958808899
0.055270470678806305
0.06369148194789886
0.06509575992822647
0.15162768959999084
0.19346004724502563
0.1174461841583252
0.07133356481790543
0.06662161648273468
0.060738153755664825
0.04385227710008621
0.03354240208864212
0.04585229232907295
0.03996965289115906
0.03653339296579361
0.039983928203582764
0.056324731558561325
0.055466532707214355
0.0785205215215683
0.04666482284665108
0.03253242373466492
0.037824295461177826
0.02437378466129303
0.03477228805422783
0.03276974707841873
0.04318461939692497
0.05900399014353752
0.046929579228162766
0.0459291934967041
0.04037122800946236
0.041155748069286346
0.029619723558425903
0.01830165460705757
0.027002716436982155
0.03646157681941986
0.035654861479997635
0.03140846639871597
0.026053085923194885
0.025882964953780174
0.020122116431593895
0.037901293486356735
0.031630974262952805
0.030958449468016624
0.03104841150343418
0.021543804556131363
0.023749444633722305
0.026788871735334396
0.026769185438752174
0.03383013606071472
0.03595222905278206
0.07338777184486389
0.0579482726752758
0.055036891251802444
0.0754324346780777
0.1370907574892044
0.0375378243625164
0.026161005720496178
0.030205439776182175
0.047049593180418015
0.031348131597042084
0.036858633160591125
0.0330943688750267
0.03056015446782112
0.02568606100976467
0.02283516898751259
0.03022904135286808
0.028537631034851074
0.032598573714494705
0.01867048256099224
0.028990793973207474
0.017273057252168655
0.02174568735063076
0.02943623997271061
0.021508365869522095
0.030065495520830154
0.029754096642136574
0.028315767645835876
0.03852769732475281
0.0399947464466095
0.0329611673951149
0.020874973386526108
0.01695682667195797
0.022472204640507698
0.02200702205300331
0.02058872953057289
0.023083698004484177
0.01766529120504856
0.018676679581403732
0.016745906323194504
0.023295650258660316
0.04636486619710922
0.06184782832860947
0.15009662508964539
0.14036589860916138
0.1506190299987793
0.08913102746009827
0.06263042986392975
0.06598107516765594
0.049040526151657104
0.06747721135616302
0.07560554891824722
0.07330751419067383
0.06473476439714432
0.051297467201948166
0.050744734704494476
0.03952444717288017
0.03230694681406021
0.031475137919187546
0.03448747470974922
0.03431670367717743
0.02223619446158409
0.028337707743048668
0.051280368119478226
0.08238803595304489
0.08201030641794205
0.04002302139997482
0.055000364780426025
0.046980615705251694
0.07633928209543228
0.044746480882167816
0.03453102707862854
0.0646250993013382
0.06404192000627518
0.028657197952270508
0.03100033476948738
0.035877831280231476
0.03454030677676201
0.044876717031002045
0.043632764369249344
0.029515499249100685
0.02853689156472683
0.03782159835100174
0.029350191354751587
0.03759647533297539
0.03376918286085129
0.03222426772117615
0.024618569761514664
0.0282437801361084
0.03683988004922867
0.044585563242435455
0.04904855042695999
0.0286107175052166
0.04682324454188347
0.04084518551826477
0.06762995570898056
0.09528187662363052
0.060192883014678955
0.04053851217031479
0.03576493263244629
0.02322906069457531
0.032430339604616165
0.03870135545730591
0.032002732157707214
0.04370226338505745
0.039556752890348434
0.048722293227910995
0.06328152120113373
0.050000499933958054
0.055242061614990234
0.051474057137966156
0.0427817776799202
0.03165755420923233
0.025856006890535355
0.02802402898669243
0.02888326719403267
0.04381795972585678
0.028770292177796364
0.029025811702013016
0.02729182317852974
0.02252853289246559
0.022858181968331337
0.025923365727066994
0.024289730936288834
0.015100468881428242
0.023925423622131348
0.01609097234904766
0.025470172986388206
0.021184954792261124
0.030652007088065147
0.03498074412345886
0.050630949437618256
0.05218476057052612
0.04715830087661743
0.12481085956096649
0.07992981374263763
0.10710696876049042
0.06682063639163971
0.04771677032113075
0.049450017511844635
0.06161193922162056
0.062335800379514694
0.03737844154238701
0.03833195939660072
0.03694697096943855
0.0316317155957222
0.06255976110696793
0.04696974903345108
0.05415879562497139
0.04385017603635788
0.056512366980314255
0.05065203830599785
0.03153211623430252
0.025381967425346375
0.02923782728612423
0.04438354820013046
0.043420128524303436
0.025186199694871902
0.03489698842167854
0.03168655186891556
0.03140111640095711
0.02423340454697609
0.025629084557294846
0.03034038469195366
0.03298763185739517
0.047922421246767044
0.06639553606510162
0.06260543316602707
0.08330357074737549
0.08700796216726303
0.028825998306274414
0.02992696687579155
0.03151820972561836
0.021624965593218803
0.02499362826347351
0.045914262533187866
0.03637644276022911
0.0438348650932312
0.04946121200919151
0.04531848430633545
0.06614509224891663
0.07328049093484879
0.0580001100897789
0.05103939026594162
0.056453920900821686
0.0368255190551281
0.03209332376718521
0.026640648022294044
0.02775423787534237
0.03395604342222214
0.03728668391704559
0.04555123299360275
0.04336275905370712
0.036724209785461426
0.04430628567934036
0.0631479024887085
0.05206555128097534
0.03222375363111496
0.036441780626773834
0.06142476946115494
0.03774512559175491
0.0469944104552269
0.025769751518964767
0.028537685051560402
0.022761162370443344
0.02804623916745186
0.021427860483527184
0.01891399919986725
0.03716086596250534
0.05143498256802559
0.03697987645864487
0.03245149552822113
0.020034467801451683
0.03071349300444126
0.0314839743077755
0.030672186985611916
0.030364075675606728
0.02090492844581604
0.02022319659590721
0.015053200535476208
0.014473853632807732
0.0278947651386261
0.021847877651453018
0.02396179735660553
0.029898464679718018
0.020194590091705322
0.02868117392063141
0.033747151494026184
0.021612918004393578
0.04559694975614548
0.02782481350004673
0.039690446108579636
0.060798048973083496
0.049947209656238556
0.03650713339447975
0.02551397681236267
0.021772870793938637
0.02537941373884678
0.03651526942849159
0.031650617718696594
0.04085534065961838
0.028683971613645554
0.029139753431081772
0.03641531243920326
0.058155883103609085
0.11712299287319183
0.1063230037689209
0.08660102635622025
0.04973622411489487
0.040060654282569885
0.026192719116806984
0.03548521548509598
0.02436026558279991
0.022462351247668266
0.028309499844908714
0.030370008200407028
0.022693514823913574
0.026551660150289536
0.02244352363049984
0.022419270128011703
0.021113146096467972
0.024234438315033913
0.03392423689365387
0.024287670850753784
0.02187906578183174
0.02440408058464527
0.035821326076984406
0.03438633307814598
0.028320204466581345
0.03145240992307663
0.02709478698670864
0.03560734912753105
0.03768624737858772
0.03815849870443344
0.015437869355082512
0.02032659389078617
0.01732696034014225
0.02378370240330696
0.028433119878172874
0.0230429507791996
0.03720388188958168
0.024625543504953384
0.02035328559577465
0.02274828776717186
0.03506488725543022
0.027786534279584885
0.024431806057691574
0.026526859030127525
0.022173631936311722
0.026384759694337845
0.017990421503782272
0.018168414011597633
0.027457278221845627
0.030089031904935837
0.024236630648374557
0.03215176984667778
0.04795263335108757
0.032824285328388214
0.03331524133682251
0.016872776672244072
0.022785609588027
0.018459919840097427
0.025839809328317642
0.030849408358335495
0.028133979067206383
0.03366003930568695
0.04019801691174507
0.033044736832380295
0.02763139083981514
0.035793453454971313
0.07045040279626846
0.12179869413375854
0.10086782276630402
0.03945976495742798
0.04362255707383156
0.05966971069574356
0.05325452610850334
0.06297607719898224
0.06450706720352173
0.09674562513828278
0.06636272370815277
0.04737274721264839
0.03291379660367966
0.041038595139980316
0.031292546540498734
0.03476070985198021
0.049588821828365326
0.030837584286928177
0.02945738472044468
0.021306481212377548
0.0164167620241642
0.023784123361110687
0.025829952210187912
0.02604077383875847
0.01981963962316513
0.01968497410416603
0.026531990617513657
0.03321080282330513
0.018231842666864395
0.021347936242818832
0.021251142024993896
0.019935231655836105
0.025769773870706558
0.023184608668088913
0.024039950221776962
0.034605901688337326
0.03393802419304848
0.03091323748230934
0.04622739180922508
0.05774543434381485
0.07587297260761261
0.03776157647371292
0.04959118366241455
0.04902287572622299
0.059824537485837936
0.08698315918445587
0.07915342599153519
0.07047125697135925
0.06355731189250946
0.11088210344314575
0.04502216726541519
0.040337659418582916
0.045081544667482376
0.060345929116010666
0.06291694939136505
0.06655845791101456
0.04635774344205856
0.04643015190958977
0.05343204736709595
0.06837870925664902
0.0582866445183754
0.028496574610471725
0.04240059107542038
0.06116994470357895
0.04053575545549393
0.02913993038237095
0.02745969220995903
0.024677488952875137
0.04190703108906746
0.036930251866579056
0.03032868169248104
0.032675743103027344
0.030121564865112305
0.029392126947641373
0.022732576355338097
0.0186501182615757
0.01984688639640808
0.02257060632109642
0.018504757434129715
0.028303813189268112
0.019509825855493546
0.013460235670208931
0.019538769498467445
0.028437599539756775
0.02351369895040989
0.022133709862828255
0.027719056233763695
0.032971251755952835
0.030818840488791466
0.021335957571864128
0.05113791674375534
0.10720579326152802
0.05645980313420296
0.04597664624452591
0.03465355187654495
0.03438148647546768
0.034707698971033096
0.03476269543170929
0.030928950756788254
0.03505510836839676
0.017486274242401123
0.020929787307977676
0.023587491363286972
0.03241228312253952
0.05686851218342781
0.06782178580760956
0.026416290551424026
0.05442731827497482
0.042046766728162766
0.030367547646164894
0.026625145226716995
0.023818273097276688
0.03363167122006416
0.021731695160269737
0.013000701554119587
0.010540207847952843
0.019975731149315834
0.017386430874466896
0.025549456477165222
0.02756715938448906
0.021422630175948143
0.020091813057661057
0.021904172375798225
0.0382140688598156
0.030846571549773216
0.026423443108797073
0.016530705615878105
0.03547195345163345
0.036599501967430115
0.0673811212182045
0.06411730498075485
0.049750179052352905
0.030026143416762352
0.026920992881059647
0.03891194984316826
0.030488276854157448
0.02146448940038681
0.024650150910019875
0.022842267528176308
0.031980179250240326
0.0221518836915493
0.030865464359521866
0.015469563193619251
0.022020280361175537
0.024154379963874817
0.028373882174491882
0.014533862471580505
0.016686707735061646
0.013824786059558392
0.03588183969259262
0.024126309901475906
0.037453651428222656
0.01430568378418684
0.03397207707166672
0.03476523235440254
0.018242765218019485
0.027373740449547768
0.026673991233110428
0.030431345105171204
0.04095722362399101
0.033171940594911575
0.04380260407924652
0.10287109762430191
0.039350345730781555
0.025083094835281372
0.03326544538140297
0.037983767688274384
0.026308352127671242
0.0260792076587677
0.05377695709466934
0.06088606268167496
0.05749353766441345
0.05701232701539993
0.03055756352841854
0.021054673939943314
0.020544912666082382
0.02406734973192215
0.03833205997943878
0.02051611803472042
0.029252666980028152
0.027587229385972023
0.02739042043685913
0.04104457050561905
0.07513032853603363
0.09817390143871307
0.10545094311237335
0.07278406620025635
0.033052705228328705
0.03454650938510895
0.03753130882978439
0.02287587895989418
0.026611309498548508
0.027886856347322464
0.03640006482601166
0.01997370459139347
0.031474899500608444
0.01994873583316803
0.03753688931465149
0.06835909932851791
0.05790313333272934
0.026646876707673073
0.02930406667292118
0.021903643384575844
0.02764718607068062
0.028340643271803856
0.019333522766828537
0.026826554909348488
0.03395354747772217
0.027308141812682152
0.029563307762145996
0.03631190210580826
0.021488334983587265
0.017502347007393837
0.025724198669195175
0.024948617443442345
0.04873593524098396
0.03305401653051376
0.029694074764847755
0.032069265842437744
0.03593672066926956
0.03773052245378494
0.08146730065345764
0.05032707378268242
0.08822659403085709
0.06010112911462784
0.04819183796644211
0.03520582988858223
0.03827948123216629
0.031392574310302734
0.03417036682367325
0.12122781574726105
0.1318148970603943
0.07540496438741684
0.03559183329343796
0.03608965128660202
0.022416863590478897
0.032930873334407806
0.02879650518298149
0.028596078976988792
0.03409528732299805
0.01779280975461006
0.025269974023103714
0.03389080613851547
0.04046889394521713
0.029909629374742508
0.02457509934902191
0.03639882802963257
0.029953425750136375
0.03183532506227493
0.024291329085826874
0.028898272663354874
0.036908671259880066
0.05238783359527588
0.02555445395410061
0.04151050001382828
0.03729050233960152
0.10255696624517441
0.08164191246032715
0.047724269330501556
0.036907751113176346
0.02544691041111946
0.030976831912994385
0.02377788908779621
0.01845431886613369
0.019386382773518562
0.02038063481450081
0.019492030143737793
0.03474899381399155
0.033829521387815475
0.03267374634742737
0.028244581073522568
0.04422202706336975
0.06644216924905777
0.028968682512640953
0.021691398695111275
0.038219988346099854
0.022319946438074112
0.034954022616147995
0.021593213081359863
0.023593725636601448
0.05687760189175606
0.07053758203983307
0.07363535463809967
0.06575264036655426
0.042826808989048004
0.021423468366265297
0.017547544091939926
0.014870034530758858
0.018115954473614693
0.023817434906959534
0.03781075403094292
0.05788186192512512
0.12120351940393448
0.04504275321960449
0.05086787790060043
0.05731048434972763
0.07065067440271378
0.027393128722906113
0.025473376736044884
0.02923298440873623
0.03967192769050598
0.039154186844825745
0.029905343428254128
0.02060784213244915
0.019575562328100204
0.01933811604976654
0.012667265720665455
0.023028716444969177
0.02774176001548767
0.014519840478897095
0.019982824102044106
0.01774340495467186
0.02396676130592823
0.01281678956001997
0.018231332302093506
0.011647281236946583
0.014343303628265858
0.015811949968338013
0.026621345430612564
0.022957196459174156
0.02620171569287777
0.02356337010860443
0.03013843670487404
0.03187450394034386
0.016558105126023293
0.027507495135068893
0.023885061964392662
0.02834291383624077
0.02912534400820732
0.024246245622634888
0.023105382919311523
0.033702827990055084
0.031234275549650192
0.015606234781444073
0.02319992519915104
0.05036895349621773
0.09102968126535416
0.11350727081298828
0.07207940518856049
0.03461325913667679
0.03679646924138069
0.03065663017332554
0.02212023362517357
0.029894595965743065
0.014319282956421375
0.015310874208807945
0.014763424172997475
0.016399141401052475
0.01570059172809124
0.016695011407136917
0.020652972161769867
0.01529567502439022
0.017209064215421677
0.02512568235397339
0.01915343478322029
0.023904923349618912
0.02333296276628971
0.02476515993475914
0.016205698251724243
0.015499720349907875
0.013401493430137634
0.007478781044483185
0.01494350004941225
0.021640324965119362
0.022793833166360855
0.02423606440424919
0.02696475014090538
0.014542984776198864
0.03640938922762871
0.03427453711628914
0.033251598477363586
0.024265598505735397
0.026394372805953026
0.027947714552283287
0.027818351984024048
0.028366267681121826
0.01916554383933544
0.027651464566588402
0.03841167688369751
0.036492396146059036
0.046277355402708054
0.04407656937837601
0.03288884833455086
0.03590155020356178
0.04139038547873497
0.024811754003167152
0.03318680077791214
0.04028310254216194
0.03263389319181442
0.03122447058558464
0.023834312334656715
0.032743602991104126
0.029240500181913376
0.0546942837536335
0.039979152381420135
0.06927681714296341
0.08705277740955353
0.16568534076213837
0.06812024116516113
0.06006549671292305
0.04568701237440109
0.024436909705400467
0.02810710296034813
0.03330520540475845
0.020815905183553696
0.01911666989326477
0.022970739752054214
0.013782432302832603
0.017885733395814896
0.020295267924666405
0.04257111996412277
0.050980426371097565
0.03159090876579285
0.030499625951051712
0.02470506727695465
0.023313075304031372
0.0312761627137661
0.034053318202495575
0.020641420036554337
0.013313239440321922
0.02907457947731018
0.025373604148626328
0.014388060197234154
0.017484236508607864
0.022299300879240036
0.01863349787890911
0.014175720512866974
0.016147544607520103
0.014088377356529236
0.015762001276016235
0.02657664753496647
0.052000828087329865
0.04331754520535469
0.03177570924162865
0.04376906156539917
0.04669429734349251
0.029537668451666832
0.025397032499313354
0.024931464344263077
0.020855020731687546
0.021774010732769966
0.014400029554963112
0.015476060099899769
0.021642684936523438
0.01875331811606884
0.01836894080042839
0.012302263639867306
0.02202177420258522
0.027618378400802612
0.016761790961027145
0.013695540837943554
0.02443864941596985
0.05194420740008354
0.030939191579818726
0.017895739525556564
0.03451291471719742
0.040947362780570984
0.06801722943782806
0.045316942036151886
0.04229245334863663
0.024144811555743217
0.028036052361130714
0.012147395871579647
0.027450069785118103
0.024460671469569206
0.02221175655722618
0.017576534301042557
0.027826497331261635
0.027217114344239235
0.018306460231542587
0.02553139254450798
0.03640396147966385
0.01709654927253723
0.017443597316741943
0.02544976770877838
0.019293613731861115
0.01420069020241499
0.01757165603339672
0.0171956829726696
0.028025329113006592
0.02269495278596878
0.025866717100143433
0.021520549431443214
0.021248573437333107
0.019126178696751595
0.01931796595454216
0.018374966457486153
0.02760227955877781
0.021776745095849037
0.01870056241750717
0.027560323476791382
0.025445152074098587
0.024423396214842796
0.014350851066410542
0.02446923777461052
0.019164759665727615
0.020380333065986633
0.01687883958220482
0.026267221197485924
0.02057650126516819
0.01271212100982666
0.034767162054777145
0.01823234185576439
0.022596001625061035
0.028887638822197914
0.022508298978209496
0.039843183010816574
0.022794950753450394
0.02051696553826332
0.02940080128610134
0.0762297734618187
0.1277078092098236
0.0961388498544693
0.05540332943201065
0.0451623871922493
0.0266240444034338
0.014539683237671852
0.029988547787070274
0.042362280189991
0.07437710464000702
0.0424194410443306
0.0491412878036499
0.04159333556890488
0.018314749002456665
0.02671186625957489
0.014137332327663898
0.02667534351348877
0.03891580551862717
0.036767810583114624
0.028328705579042435
0.02842695638537407
0.02061815932393074
0.020270854234695435
0.023267032578587532
0.025194574147462845
0.017560753971338272
0.025882650166749954
0.017977062612771988
0.031729936599731445
0.01712239347398281
0.01750956103205681
0.02091345749795437
0.027202997356653214
0.024965662509202957
0.012405472807586193
0.0249648354947567
0.021308530122041702
0.0256633497774601
0.02271902933716774
0.02670825645327568
0.020209815353155136
0.023794878274202347
0.031237483024597168
0.021787205711007118
0.02240893431007862
0.02277756854891777
0.03288961574435234
0.018242746591567993
0.026145368814468384
0.022937599569559097
0.01831963285803795
0.02728249505162239
0.06671983003616333
0.13227777183055878
0.08050887286663055
0.0880638062953949
0.047368038445711136
0.06538625061511993
0.06270535290241241
0.041546277701854706
0.03523968532681465
0.052877187728881836
0.04180959239602089
0.03181688115000725
0.013468807563185692
0.024684298783540726
0.018259376287460327
0.015706956386566162
0.01947450265288353
0.011264024302363396
0.013099489733576775
0.018247105181217194
0.02363165095448494
0.014687362127006054
0.01656213402748108
0.01897282898426056
0.02142319642007351
0.022899964824318886
0.04213833808898926
0.05995507910847664
0.030285660177469254
0.019271310418844223
0.02046802267432213
0.020165683701634407
0.018012801185250282
0.0222758911550045
0.0189250148832798
0.021253546699881554
0.014308398589491844
0.01609223335981369
0.020367231220006943
0.022999698296189308
0.03640793636441231
0.06321325898170471
0.04819636791944504
0.07486274093389511
0.07022734731435776
0.08397680521011353
0.04974372312426567
0.04321751743555069
0.025858262553811073
0.027339110150933266
0.02748771943151951
0.024944176897406578
0.020921295508742332
0.031897593289613724
0.03894781321287155
0.024382397532463074
0.026454884558916092
0.029195178300142288
0.0322779044508934
0.023525509983301163
0.027442891150712967
0.022271331399679184
0.019282927736639977
0.021640118211507797
0.02113758586347103
0.02260420471429825
0.021874668076634407
0.014401836320757866
0.013907788321375847
0.011897014454007149
0.010507526807487011
0.012585541233420372
0.019750937819480896
0.020191559568047523
0.01337924413383007
0.016810959205031395
0.028124768286943436
0.03431112319231033
0.05591375380754471
0.08059602975845337
0.0800652951002121
0.0316016860306263
0.022807864472270012
0.017565323039889336
0.026949921622872353
0.019032061100006104
0.016193557530641556
0.016055379062891006
0.015740809962153435
0.02486255206167698
0.02029995247721672
0.014163926243782043
0.0221102274954319
0.04541643708944321
0.04620666429400444
0.03182303160429001
0.026065504178404808
0.03352626413106918
0.019658926874399185
0.019038740545511246
0.016751429066061974
0.019043326377868652
0.014585765078663826
0.011470791883766651
0.010347269475460052
0.013772551901638508
0.01725989207625389
0.015397432260215282
0.026456009596586227
0.0209613349288702
0.011389080435037613
0.008506430312991142
0.010439736768603325
0.010720951482653618
0.02422698214650154
0.027149450033903122
0.03558412194252014
0.04964708536863327
0.041893817484378815
0.013833229430019855
0.022775700315833092
0.019350284710526466
0.01623016968369484
0.022681010887026787
0.01177765429019928
0.019535744562745094
0.02597709372639656
0.02346077188849449
0.024486467242240906
0.03352849930524826
0.05795583873987198
0.05674172565340996
0.03638630732893944
0.027280276641249657
0.017583418637514114
0.019607892259955406
0.02881506085395813
0.059203099459409714
0.03879641741514206
0.019009802490472794
0.02295670472085476
0.02206728793680668
0.022961586713790894
0.020216278731822968
0.021689554676413536
0.019504865631461143
0.020926808938384056
0.027777519077062607
0.0293218232691288
0.060874104499816895
0.0667918249964714
0.0928933173418045
0.03296718746423721
0.031949907541275024
0.03495415672659874
0.023064956068992615
0.015133887529373169
0.027472108602523804
0.03401465341448784
0.016801169142127037
0.011855275370180607
0.01453554816544056
0.01663469895720482
0.023274455219507217
0.022426169365644455
0.017078695818781853
0.016165461391210556
0.02747637964785099
0.023163095116615295
0.03126884251832962
0.052698660641908646
0.047439903020858765
0.03211995214223862
0.042675115168094635
0.03915630653500557
0.033726125955581665
0.017184069380164146
0.026122594252228737
0.020909665152430534
0.020590033382177353
0.02984607219696045
0.027837421745061874
0.021639758720993996
0.014509392902255058
0.019854333251714706
0.02057897485792637
0.01731923036277294
0.018277931958436966
0.014394233003258705
0.01603393256664276
0.01752951368689537
0.02616260014474392
0.048497311770915985
0.04429573193192482
0.10573909431695938
0.046791158616542816
0.01618192158639431
0.028055643662810326
0.02960837259888649
0.037052400410175323
0.01877298764884472
0.011527234688401222
0.02601183019578457
0.026267096400260925
0.022143015637993813
0.00978739932179451
0.016600804403424263
0.01982824131846428
0.021275285631418228
0.014723340049386024
0.011709993705153465
0.02101709693670273
0.021057849749922752
0.026713777333498
0.023347875103354454
0.021880686283111572
0.025416677817702293
0.028050368651747704
0.04259498044848442
0.0168194267898798
0.01957206055521965
0.021298104897141457
0.011694295331835747
0.026248281821608543
0.020183652639389038
0.014924499206244946
0.02831255830824375
0.03774953633546829
0.03718237206339836
0.03347786143422127
0.022291934117674828
0.021996110677719116
0.031222665682435036
0.018772494047880173
0.024037377908825874
0.016009006649255753
0.013404619880020618
0.02561572752892971
0.02550026774406433
0.009661135263741016
0.026507040485739708
0.027530763298273087
0.030741170048713684
0.03023274801671505
0.020942850038409233
0.03501870483160019
0.017081236466765404
0.013293991796672344
0.019460445269942284
0.024193257093429565
0.02014666236937046
0.021187180653214455
0.014555995352566242
0.02048172987997532
0.01518014632165432
0.01717165857553482
0.026833850890398026
0.02713468112051487
0.024632703512907028
0.019651293754577637
0.029162030667066574
0.03708962723612785
0.021070066839456558
0.05502703785896301
0.08717402070760727
0.059053897857666016
0.07509930431842804
0.08747434616088867
0.07940063625574112
0.10634205490350723
0.1467811018228531
0.06069350242614746
0.020801369100809097
0.048192013055086136
0.05450010299682617
0.07460478693246841
0.03715376928448677
0.0505552664399147
0.04097053036093712
0.02325541339814663
0.03228301554918289
0.015054494142532349
0.019752228632569313
0.018393639475107193
0.022432904690504074
0.01705414429306984
0.023952452465891838
0.023039188235998154
0.02376096136868
0.0267581008374691
0.020317059010267258
0.020551223307847977
0.010950473137199879
0.018108289688825607
0.012656348757445812
0.016368573531508446
0.015351101756095886
0.01023517269641161
0.017365021631121635
0.023583611473441124
0.018944360315799713
0.05821346491575241
0.09175440669059753
0.02415153756737709
0.025420617312192917
0.017202764749526978
0.026956915855407715
0.016839636489748955
0.01685788296163082
0.03426436334848404
0.013642865233123302
0.014762368984520435
0.01263486873358488
0.02020609751343727
0.02686789259314537
0.026510095223784447
0.05843665450811386
0.020408201962709427
0.015059162862598896
0.014908840879797935
0.02163783088326454
0.017596036195755005
0.013544565066695213
0.01864641159772873
0.015318907797336578
0.018216174095869064
0.01693946123123169
0.009336280636489391
0.019813796505331993
0.02830454707145691
0.05265020579099655
0.029539477080106735
0.02024833858013153
0.02519802749156952
0.029603969305753708
0.02501550316810608
0.020697157829999924
0.01842593587934971
0.017177138477563858
0.014015783555805683
0.009201917797327042
0.021711822599172592
0.00955766998231411
0.012295684777200222
0.019472723826766014
0.017643943428993225
0.014777109026908875
0.011089027859270573
0.019580751657485962
0.021345045417547226
0.02287200652062893
0.024652879685163498
0.024231072515249252
0.039734575897455215
0.030725589022040367
0.03526002913713455
0.05220454931259155
0.045342762023210526
0.03382043167948723
0.04184112697839737
0.017205016687512398
0.03533263877034187
0.050350122153759
0.09105847775936127
0.02881588414311409
0.036166541278362274
0.021231666207313538
0.024818485602736473
0.01653640903532505
0.027839869260787964
0.03119075670838356
0.0246848426759243
0.03174656629562378
0.04498526081442833
0.019380146637558937
0.023561492562294006
0.021399259567260742
0.030430400744080544
0.02130105532705784
0.03624897822737694
0.042681433260440826
0.035417698323726654
0.029867717996239662
0.016153385862708092
0.02184135653078556
0.012483390048146248
0.010142856277525425
0.015389680862426758
0.013201299123466015
0.017623085528612137
0.010667910799384117
0.012721446342766285
0.015602374449372292
0.027188265696167946
0.026443427428603172
0.02299528755247593
0.03886236995458603
0.07063733786344528
0.03981514647603035
0.04537106677889824
0.025890860706567764
0.022404808551073074
0.022298185154795647
0.016805248335003853
0.026749009266495705
0.03682003170251846
0.03405541926622391
0.02680865488946438
0.01618000492453575
0.01919119618833065
0.013403032906353474
0.01594935730099678
0.01672390103340149
0.024328958243131638
0.023322047665715218
0.02481032907962799
0.014735409989953041
0.022289235144853592
0.02011018432676792
0.022219175472855568
0.03604244068264961
0.034313611686229706
0.01812608726322651
0.024960240349173546
0.016210753470659256
0.014147681184113026
0.01771649904549122
0.02417317032814026
0.01990060694515705
0.024208366870880127
0.01682504639029503
0.013562014326453209
0.03140663355588913
0.03581223264336586
0.01389840804040432
0.014664532616734505
0.016738686710596085
0.016885999590158463
0.014711745083332062
0.013955016620457172
0.036919672042131424
0.027691666036844254
0.012003587558865547
0.028339454904198647
0.024241531267762184
0.026196444407105446
0.024755965918302536
0.02737434208393097
0.029911313205957413
0.04254848510026932
0.03343620151281357
0.03590290993452072
0.03150482103228569
0.023706888779997826
0.02883383259177208
0.03724690526723862
0.039108678698539734
0.03426187112927437
0.023939285427331924
0.023976419121026993
0.05787501484155655
0.03694038465619087
0.030278051272034645
0.01985451579093933
0.030873840674757957
0.03045479580760002
0.02959110215306282
0.04006621986627579
0.029355328530073166
0.036768823862075806
0.019844168797135353
0.04145292192697525
0.02612629160284996
0.02108796499669552
0.03280767798423767
0.024241359904408455
0.020862553268671036
0.027254998683929443
0.02143251709640026
0.01575125940144062
0.017170222476124763
0.020491670817136765
0.03196822851896286
0.06578269600868225
0.09843151271343231
0.05125117301940918
0.04611194506287575
0.029300112277269363
0.01856231316924095
0.030953174456954002
0.024501625448465347
0.0207515936344862
0.02964126504957676
0.017033159732818604
0.045022446662187576
0.08211635053157806
0.03017989918589592
0.022875303402543068
0.022450556978583336
0.018719181418418884
0.015482911840081215
0.016457105055451393
0.01946127414703369
0.018383700400590897
0.01936950907111168
0.028929824009537697
0.047209423035383224
0.024257171899080276
0.020746588706970215
0.013135639950633049
0.021575098857283592
0.025752097368240356
0.017875567078590393
0.01875283196568489
0.03669803589582443
0.024104444310069084
0.02714008465409279
0.016344957053661346
0.021109048277139664
0.02302989736199379
0.02374635636806488
0.022239169105887413
0.022652598097920418
0.024531280621886253
0.013213318772614002
0.022763386368751526
0.022324934601783752
0.02506609633564949
0.03303553909063339
0.021600203588604927
0.019382495433092117
0.022499773651361465
0.0197736956179142
0.0398491695523262
0.03778697922825813
0.03497510403394699
0.01953030563890934
0.022172534838318825
0.028271090239286423
0.019628318026661873
0.017496734857559204
0.033530689775943756
0.04302886873483658
0.052419401705265045
0.04475691169500351
0.052468203008174896
0.05912270396947861
0.030802691355347633
0.020276758819818497
0.037768565118312836
0.039242684841156006
0.024287931621074677
0.03263843059539795
0.018498066812753677
0.01988360658288002
0.014310086145997047
0.026576828211545944
0.009902121499180794
0.010149054229259491
0.030706221237778664
0.040072690695524216
0.021356990560889244
0.038028962910175323
0.02402866818010807
0.02621900476515293
0.01796170510351658
0.02869017794728279
0.015513243153691292
0.009259404614567757
0.013875601813197136
0.013211360201239586
0.00926115084439516
0.018611375242471695
0.013571170158684254
0.01812969706952572
0.010472597554326057
0.015034237876534462
0.03346695005893707
0.017788182944059372
0.020085027441382408
0.03448406606912613
0.052860699594020844
0.08467519283294678
0.052881695330142975
0.05870955064892769
0.05411049723625183
0.015859026461839676
0.02121729589998722
0.028361881151795387
0.020613227039575577
0.04419880360364914
0.03461872786283493
0.018437383696436882
0.022973844781517982
0.018269484862685204
0.006366345100104809
0.03129362314939499
0.04264628887176514
0.06665261089801788
0.023131120949983597
0.02460448071360588
0.030661851167678833
0.03019723854959011
0.020224055275321007
0.021270060911774635
0.011434728279709816
0.017661459743976593
0.01962493732571602
0.009960316121578217
0.018716508522629738
0.009368477389216423
0.02188549004495144
0.009134277701377869
0.04342331364750862
0.05377987027168274
0.06365448236465454
0.02135925553739071
0.020656434819102287
0.02454940602183342
0.021873902529478073
0.01633060909807682
0.020250147208571434
0.028426850214600563
0.024572357535362244
0.03152263164520264
0.046802617609500885
0.025356438010931015
0.02714395895600319
0.01768021285533905
0.024305108934640884
0.013651737943291664
0.027341365814208984
0.020833000540733337
0.01744946464896202
0.016103707253932953
0.017107266932725906
0.049077682197093964
0.03717406839132309
0.023462332785129547
0.014115715399384499
0.013781148009002209
0.016193237155675888
0.021074291318655014
0.03539631515741348
0.026050442829728127
0.0509759783744812
0.02252385765314102
0.035278428345918655
0.03242192789912224
0.048031020909547806
0.05740541219711304
0.03126733377575874
0.0605924017727375
0.04990198835730553
0.02468203380703926
0.018121367320418358
0.014219905249774456
0.0222473181784153
0.021276282146573067
0.016551682725548744
0.019407615065574646
0.015199601650238037
0.02127924934029579
0.028318354859948158
0.012712252326309681
0.019615093246102333
0.029010141268372536
0.01603941060602665
0.0340716615319252
0.06231130287051201
0.020264076068997383
0.021016325801610947
0.02490265853703022
0.033885885030031204
0.01109713688492775
0.01734946109354496
0.01621338352560997
0.01346926111727953
0.014996180310845375
0.023005468770861626
0.01409447193145752
0.013424592092633247
0.028107639402151108
0.0892161950469017
0.03828170895576477
0.04525424540042877
0.05052860826253891
0.03540714085102081
0.025169838219881058
0.03062700666487217
0.014183351770043373
0.047592729330062866
0.014189143665134907
0.0262408759444952
0.02235722728073597
0.010264979675412178
0.011455672793090343
0.01401948370039463
0.013130550272762775
0.014243090525269508
0.007750415708869696
0.02152864821255207
0.02019040286540985
0.02552516758441925
0.025745848193764687
0.013642025180161
0.013768533244729042
0.035410076379776
0.03141143545508385
0.040476225316524506
0.02982754446566105
0.01636558398604393
0.018576379865407944
0.012248357757925987
0.018457740545272827
0.02601947821676731
0.019840098917484283
0.031004827469587326
0.057897359132766724
0.020304961130023003
0.020472640171647072
0.017232146114110947
0.017398500815033913
0.023412145674228668
0.01892331801354885
0.020142853260040283
0.019624151289463043
0.018883371725678444
0.02270931750535965
0.015813564881682396
0.021528800949454308
0.013912677764892578
0.016492074355483055
0.02311750315129757
0.01612739823758602
0.021531393751502037
0.014530626125633717
0.026465201750397682
0.01642034575343132
0.013417808338999748
0.017643136903643608
0.031876884400844574
0.017620015889406204
0.014371039345860481
0.015292996540665627
0.011418960988521576
0.011048714630305767
0.019462469965219498
0.02586444653570652
0.016884559765458107
0.027702027931809425
0.0199408121407032
0.019726336002349854
0.021966876462101936
0.020027345046401024
0.020680293440818787
0.02074531838297844
0.02513495646417141
0.03433700278401375
0.018668588250875473
0.022569505497813225
0.03179845213890076
0.022289615124464035
0.03784682974219322
0.11188726127147675
0.11305581033229828
0.03806186467409134
0.028800159692764282
0.019718874245882034
0.01862982288002968
0.020719286054372787
0.03184018284082413
0.020541692152619362
0.023742053657770157
0.014179274439811707
0.028345059603452682
0.009686465375125408
0.012174139730632305
0.008108572103083134
0.007997271604835987
0.00850415788590908
0.009900350123643875
0.005131964571774006
0.01384705025702715
0.010275913402438164
0.03349452465772629
0.049003880470991135
0.01642240211367607
0.043012697249650955
0.02239609882235527
0.012727828696370125
0.009324188344180584
0.016234561800956726
0.015554165467619896
0.014239475131034851
0.014150554314255714
0.009803518652915955
0.02139110118150711
0.012466084212064743
0.021854009479284286
0.008775000460445881
0.011225121095776558
0.022430118173360825
0.00964807253330946
0.0077889240346848965
0.005397526081651449
0.0246516652405262
0.01909101940691471
0.016803573817014694
0.02608666382730007
0.01958550699055195
0.005822359584271908
0.02644931897521019
0.017499182373285294
0.010089771822094917
0.023054547607898712
0.022041041404008865
0.014864234253764153
0.022297555580735207
0.0237264446914196
0.028787950053811073
0.026493992656469345
0.014694109559059143
0.032004307955503464
0.0331185907125473
0.012126182205975056
0.01816285215318203
0.012271884828805923
0.019261490553617477
0.029636051505804062
0.03516213595867157
0.010657168924808502
0.011635705828666687
0.01053133886307478
0.037979353219270706
0.024625342339277267
0.04339739307761192
0.06285957992076874
0.03649100661277771
0.042135950177907944
0.028626199811697006
0.011160088703036308
0.02209271490573883
0.026406198740005493
0.013164917007088661
0.019770648330450058
0.016634313389658928
0.03493470698595047
0.054283976554870605
0.07264669984579086
0.04930534213781357
0.02688158117234707
0.021465709432959557
0.016417738050222397
0.018923450261354446
0.019475042819976807
0.011229870840907097
0.02378734201192856
0.02197152003645897
0.013559413142502308
0.01301334798336029
0.016416247934103012
0.01644268073141575
0.025165358558297157
0.01899472437798977
0.04886462166905403
0.0334627628326416
0.04751951992511749
0.02912033535540104
0.036243218928575516
0.08741067349910736
0.14053963124752045
0.20675167441368103
0.06831982731819153
0.08786846697330475
0.02145182155072689
0.03385268896818161
0.018418077379465103
0.029424697160720825
0.021077174693346024
0.020945023745298386
0.024252286180853844
0.023189028725028038
0.028970515355467796
0.031163712963461876
0.029314052313566208
0.047336552292108536
0.01507335901260376
0.0097755566239357
0.03341567516326904
0.09435838460922241
0.021876251325011253
0.028650403022766113
0.014681917615234852
0.02066141553223133
0.03363708779215813
0.017581291496753693
0.02091863565146923
0.022003261372447014
0.0214469563215971
0.01801440306007862
0.012379397638142109
0.013783924281597137
0.00819588266313076
0.010919652879238129
0.018853789195418358
0.04023071378469467
0.03713507577776909
0.01799938641488552
0.039804331958293915
0.011118989437818527
0.01822640933096409
0.014021393842995167
0.01223755907267332
0.014170804992318153
0.011522593908011913
0.014188447967171669
0.009579511359333992
0.0113026462495327
0.015173837542533875
0.0077416375279426575
0.01608290523290634
0.009300106205046177
0.010610583238303661
0.010353578254580498
0.01454006414860487
0.023444857448339462
0.010854795575141907
0.01262222696095705
0.023776071146130562
0.010144365951418877
0.024590421468019485
0.030772488564252853
0.03931336849927902
0.05077505111694336
0.022631743922829628
0.02256149798631668
0.009582873433828354
0.015070316381752491
0.028551872819662094
0.036985062062740326
0.03617233783006668
0.025141209363937378
0.015302473679184914
0.017543122172355652
0.031155696138739586
0.032528895884752274
0.014602278359234333
0.023541217669844627
0.022123700007796288
0.018484536558389664
0.019726719707250595
0.014523789286613464
0.016968611627817154
0.01745343580842018
0.02632657252252102
0.02501274272799492
0.03530625253915787
0.04106273502111435
0.028888965025544167
0.026276594027876854
0.023984704166650772
0.0397212877869606
0.03258372098207474
0.01843702793121338
0.01727467216551304
0.016587242484092712
0.02615223452448845
0.022278539836406708
0.01047942228615284
0.024343660101294518
0.01960047148168087
0.023845944553613663
0.023328159004449844
0.013141803443431854
0.011553535237908363
0.010793810710310936
0.00872841291129589
0.015810638666152954
0.011209653690457344
0.014392966404557228
0.014926272444427013
0.015085061080753803
0.010011376813054085
0.015984270721673965
0.02709883451461792
0.01754671148955822
0.028866881504654884
0.033573217689991
0.031075239181518555
0.02973036840558052
0.02333935536444187
0.023904789239168167
0.016226977109909058
0.013390086591243744
0.011795280501246452
0.013072753325104713
0.029412996023893356
0.015396970324218273
0.019146252423524857
0.012715592980384827
0.020043909549713135
0.018922585994005203
0.025612015277147293
0.03028811514377594
0.03528709337115288
0.03028622828423977
0.023226458579301834
0.0441315695643425
0.05793418735265732
0.03928788751363754
0.02455655299127102
0.01973620429635048
0.011603801511228085
0.004885917063802481
0.030199894681572914
0.0376661941409111
0.020791033282876015
0.009421803057193756
0.027390604838728905
0.02216287888586521
0.037558380514383316
0.06014639139175415
0.0889774039387703
0.01824205182492733
0.026891928166151047
0.027274776250123978
0.01696988008916378
0.0261769350618124
0.016286972910165787
0.02303951419889927
0.028815899044275284
0.023527180776000023
0.027969425544142723
0.02251829206943512
0.021533533930778503
0.032688774168491364
0.042700547724962234
0.03248953819274902
0.0375606045126915
0.014166897162795067
0.02297789230942726
0.014510306529700756
0.0282425694167614
0.024023741483688354
0.014805112965404987
0.014642050489783287
0.020825153216719627
0.011443622410297394
0.023056764155626297
0.014836395159363747
0.015187576413154602
0.016167767345905304
0.015375012531876564
0.029145264998078346
0.013035248033702374
0.010916081257164478
0.019657280296087265
0.018697142601013184
0.02256861701607704
0.01777106150984764
0.017879685387015343
0.03337531164288521
0.03345809131860733
0.012355801649391651
0.03449370712041855
0.03476156294345856
0.021524157375097275
0.017126239836215973
0.023977603763341904
0.031841080635786057
0.021976914256811142
0.03367770463228226
0.04104382544755936
0.017613811418414116
0.016684092581272125
0.01148795336484909
0.022531423717737198
0.026945555582642555
0.039192721247673035
0.022662261500954628
0.03498529642820358
0.07130466401576996
0.05499691516160965
0.05842205882072449
0.06543697416782379
0.027397748082876205
0.018540646880865097
0.020385976880788803
0.014978853054344654
0.014702662825584412
0.015013749711215496
0.020723726600408554
0.013301139697432518
0.017492750659585
0.03333123028278351
0.01568564586341381
0.007140190806239843
0.008520126342773438
0.01575671136379242
0.01458367146551609
0.014026072807610035
0.021841293200850487
0.023219984024763107
0.043592669069767
0.02293211594223976
0.02967432700097561
0.03477362543344498
0.015209004282951355
0.03137200325727463
0.035378772765398026
0.019894232973456383
0.03853074461221695
0.06770707666873932
0.03131316229701042
0.027875369414687157
0.017682859674096107
0.014461969956755638
0.04497327283024788
0.04317771643400192
0.025311807170510292
0.02424708381295204
0.01873154379427433
0.021574076265096664
0.015728387981653214
0.013082790188491344
0.014946247451007366
0.00933083426207304
0.011486120522022247
0.011905616149306297
0.013899492099881172
0.017692703753709793
0.010861002840101719
0.027335429564118385
0.014562780037522316
0.03432922810316086
0.02433287724852562
0.017560044303536415
0.020833855494856834
0.028166890144348145
0.02496655285358429
0.020912721753120422
0.020108239725232124
0.021847540512681007
0.03732363134622574
0.020410675555467606
0.028126085177063942
0.017468374222517014
0.023846788331866264
0.02345740981400013
0.023933351039886475
0.0076641724444925785
0.02053830772638321
0.041459470987319946
0.05353951454162598
0.04004185274243355
0.05706820636987686
0.03504149988293648
0.08176720142364502
0.17248590290546417
0.1969325989484787
0.06291802227497101
0.06190106272697449
0.04176780581474304
0.01474703848361969
0.019730623811483383
0.026643430814146996
0.02267794869840145
0.01381482183933258
0.01126761082559824
0.016016338020563126
0.014540323987603188
0.02602069452404976
0.05273156240582466
0.037357985973358154
0.02262832410633564
0.012573426589369774
0.023287490010261536
0.009934145025908947
0.017866073176264763
0.014389676041901112
0.018883397802710533
0.01233400497585535
0.010953066870570183
0.011448981240391731
0.030964698642492294
0.025744998827576637
0.010992256924510002
0.018805960193276405
0.047956302762031555
0.01950906030833721
0.021933788433670998
0.02656409703195095
0.029171263799071312
0.04965607076883316
0.018686125054955482
0.026458367705345154
0.025896426290273666
0.03275013715028763
0.022926338016986847
0.022810952737927437
0.012796914204955101
0.01478935219347477
0.02162969671189785
0.0143643319606781
0.015531023032963276
0.00946440827101469
0.013219023123383522
0.021285798400640488
0.021348249167203903
0.018031621351838112
0.017622152343392372
0.02946147881448269
0.01874665357172489
0.022306405007839203
0.012552107684314251
0.019116494804620743
0.027849191799759865
0.04181203246116638
0.02097131684422493
0.021848242729902267
0.02204843983054161
0.014114007353782654
0.023525582626461983
0.010985390283167362
0.016131367534399033
0.015262159518897533
0.012849671766161919
0.023484257981181145
0.014815610833466053
0.0202180203050375
0.008864465169608593
0.02067934349179268
0.017921753227710724
0.010883752256631851
0.006669444032013416
0.017876623198390007
0.012781140394508839
0.009860148653388023
0.012366174720227718
0.010127964429557323
0.017109373584389687
0.009412032552063465
0.018794473260641098
0.01379549503326416
0.006127639673650265
0.010264426469802856
0.01506106834858656
0.017996182665228844
0.015555806457996368
0.019635938107967377
0.015734048560261726
0.011674285866320133
0.028756052255630493
0.02191341482102871
0.010220102965831757
0.010668088681995869
0.013678652234375477
0.01404212974011898
0.02193360961973667
0.02174791507422924
0.014258937910199165
0.02810116484761238
0.02588089369237423
0.037476904690265656
0.03948274627327919
0.01577645167708397
0.02465788647532463
0.03039921447634697
0.014103049412369728
0.021756434813141823
0.01712889038026333
0.01591741293668747
0.011896350421011448
0.024474572390317917
0.021915262565016747
0.030769657343626022
0.020257795229554176
0.02722303569316864
0.016758281737565994
0.017348933964967728
0.014099215157330036
0.011556610465049744
0.007291222922503948
0.02165595255792141
0.012942838482558727
0.018316056579351425
0.023943981155753136
0.048861969262361526
0.019290925934910774
0.00960559956729412
0.011054777540266514
0.013629289343953133
0.022095542401075363
0.009618235751986504
0.01899571344256401
0.03881385177373886
0.08219395577907562
0.025441497564315796
0.0175465140491724
0.01267639547586441
0.01102436613291502
0.005507906433194876
0.023750310763716698
0.012730499729514122
0.016971077769994736
0.009972404688596725
0.009515332989394665
0.019243309274315834
0.027787428349256516
0.014451907947659492
0.01666862890124321
0.01441125851124525
0.011611893773078918
0.005335048772394657
0.008904509246349335
0.013754397630691528
0.015931397676467896
0.015921473503112793
0.019262926653027534
0.02159908041357994
0.010441051796078682
0.026285842061042786
0.026980867609381676
0.013777414336800575
0.007984929718077183
0.027522917836904526
0.020579036325216293
0.012319996953010559
0.012307578697800636
0.01398826576769352
0.012730869464576244
0.012528041377663612
0.007138646207749844
0.01663082279264927
0.013852971605956554
0.00939660333096981
0.01176371704787016
0.011549402959644794
0.010773768648505211
0.007480807602405548
0.008760793134570122
0.009294526651501656
0.016095543280243874
0.006847328040748835
0.026947731152176857
0.02901320531964302
0.016146712005138397
0.011837555095553398
0.009363740682601929
0.015539613552391529
0.017614971846342087
0.015708232298493385
0.011684974655508995
0.01856427825987339
0.010481971316039562
0.04346600919961929
0.11597846448421478
0.12228231132030487
0.06368079036474228
0.033902138471603394
0.022466760128736496
0.04627230763435364
0.03683117777109146
0.0183047354221344
0.03319225087761879
0.039281561970710754
0.022037681192159653
0.03633083403110504
0.030438939109444618
0.020302046090364456
0.014554609544575214
0.012056075036525726
0.018618354573845863
0.01779286563396454
0.013823936693370342
0.03527892380952835
0.033127736300230026
0.055186737328767776
0.08327541500329971
0.07376118004322052
0.010739798657596111
0.018830541521310806
0.02697307989001274
0.0107665304094553
0.03419294208288193
0.01196750346571207
0.02595466375350952
0.015414523892104626
0.025677496567368507
0.02295149862766266
0.027297992259263992
0.013787905685603619
0.01357371173799038
0.009962566196918488
0.007120075635612011
0.017635386437177658
0.010770965367555618
0.014162823557853699
0.013581124134361744
0.012821617536246777
0.01514260470867157
0.014319667592644691
0.014277497306466103
0.014973011799156666
0.008210847154259682
0.012972896918654442
